100    55    0     0    0    55      0      
100    55    0     0    0    55      0     
100    55    0     0    0    55      0    
100    55    0     0    0    55      0   
100    55    0     0    0    55      0   0
100    55    0     0    0    55      0    0
100    55    0     0    0    55      0     0
100    55    0     0    0    55      --     0
100    55    0     0    0    55     -:--     0
100    55    0     0    0    55    :--:--     0
100    55    0     0    0    55   --:--:--     0
100    55    0     0    0    55  4 --:--:--     0
100    55    0     0    0    55 :15 --:--:--     0
100    55    0     0    0    5501:16 --:--:--     0
100    55    0     0    0     0:01:17 --:--:--     0
100    55    0     0    0   --  0:01:18 --:--:--     0
100    55    0     0    0  -:--  0:01:19 --:--:--     0
100    55    0     0    0 :--:--  0:01:20 --:--:--     0
100    55    0     0    0--:--:--  0:01:21 --:--:--     0
100    55    0     0    0 --:--:--  0:01:22 --:--:--     0
100    55    0     0     0 --:--:--  0:01:23 --:--:--     0
100    55    0     0      0 --:--:--  0:01:24 --:--:--     0
100    55    0     0       0 --:--:--  0:01:25 --:--:--     0
100    55    0     0 0      0 --:--:--  0:01:26 --:--:--     0
100    55    0        0      0 --:--:--  0:01:27 --:--:--     0
100    55    0         0      0 --:--:--  0:01:28 --:--:--     0
100    55    0   5      0      0 --:--:--  0:01:29 --:--:--     0
100    55    0   55      0      0 --:--:--  0:01:30 --:--:--     0
100    55    0    55      0      0 --:--:--  0:01:31 --:--:--     0
100    55    00    55      0      0 --:--:--  0:01:32 --:--:--     0
100    55      0    55      0      0 --:--:--  0:01:33 --:--:--     0
100    55       0    55      0      0 --:--:--  0:01:34 --:--:--     0
100    55   0    0    55      0      0 --:--:--  0:01:35 --:--:--     0
100    55    0    0    55      0      0 --:--:--  0:01:36 --:--:--     0
100    55     0    0    55      0      0 --:--:--  0:01:37 --:--:--     0
100      0     0    0    55      0      0 --:--:--  0:01:38 --:--:--     0
100   5    0     0    0    55      0      0 --:--:--  0:01:39 --:--:--     0
100   55    0     0    0    55      0      0 --:--:--  0:01:40 --:--:--     0
100    55    0     0    0    55      0      0 --:--:--  0:01:41 --:--:--     0
100     55    0     0    0    55      0      0 --:--:--  0:01:42 --:--:--     0
         55    0     0    0    55      0      0 --:--:--  0:01:43 --:--:--     
100    55    0     0    0    55      0      0 --:--:--  0:01:44 --:--:--    
100    55    0     0    0    55      0      0 --:--:--  0:01:45 --:--:--   
100    55    0     0    0    55      0      0 --:--:--  0:01:46 --:--:--  
100    55    0     0    0    55      0      0 --:--:--  0:01:47 --:--:-- 
100    55    0     0    0    55      0      0 --:--:--  0:01:48 --:--:--
100    55    0     0    0    55      0      0 --:--:--  0:01:49 
100    55    0     0    0    55      0      0 --:--:--  0:01:50
100    55    0     0    0    55      0      0 --:--:--  
100    55    0     0    0    55      0      0 --:--:-- 
100    55    0     0    0    55      0      0 --:--:--
100    55    0     0    0    55      0      0 
100    55    0     0    0    55      0      0
100    55    0     0    0    55      0      
100    55    0     0    0    55      0     
100    55    0     0    0    55      0    
100    55    0     0    0    55      0   
        0 --:--:--  0:01:59 --:--:--     0